0 0.750000 0.743243 0.024000 0.039039
1 0.553000 0.720721 0.102000 0.276276
1 0.817000 0.645646 0.122000 0.156156
1 0.329000 0.603604 0.078000 0.222222
1 0.325000 0.264264 0.054000 0.162162
1 0.258000 0.486486 0.040000 0.210210
1 0.298000 0.524024 0.032000 0.207207
1 0.101000 0.839339 0.082000 0.297297
1 0.179000 0.711712 0.070000 0.222222
1 0.075000 0.615616 0.078000 0.174174
1 0.110000 0.512012 0.060000 0.177177
1 0.140000 0.629129 0.048000 0.225225
1 0.178000 0.558559 0.068000 0.168168
1 0.469000 0.719219 0.086000 0.243243
1 0.798000 0.533033 0.100000 0.111111